MASS:
        'kg': 1,
        'g': 1000,
        'mg': 1e6,
        'lb': 2.20462,
        'oz': 35.274,
        'ton': 0.001,
        'tonne': 0.001

LENGTH

	'km': 0.001,
        'm': 1,
        'cm': 100,
        'mm': 1000,
        'µm': 1e6,
        'in': 39.3701,
        'ft': 3.28084,
        'yd': 1.09361,
        'mile': 0.000621371